Person:Long
3298534885710
3298534893232
2199023265401
5497558140535
5497558149139
2199023256100
5497558143462
6597069776968
8796093032918
7696581397465
8796093030551
8796093022728
8796093032134
9895604654868
12094627916529
8796093030780
13194139543869
12094627910215
14293651171647
14293651170661
12094627907628
14293651163361
13194139542139
14293651167814
15393162789714
14293651171534
2199023256217
5497558149441
7696581402128
4398046519417
16492674423903
9571
4398046511272
1510
1099511631083
3298534892195
13194139543150
1099511629398
7696581398062
4398046519542
6597069774197
6597069777196
14293651171984
16492674417357
14293651162148
16492674417855
15393162790182
10995116283204
9895604656790
15393162796768
13194139544077
1099511628143
8417
2199023257507
4398046515046
4398046520479
1099511630055
3298534886947
3163
6597069773421
7696581403614
8796093024066
6597069770031
12094627913176
14293651166809
9895604652030
13194139538131
14293651171174
15393162791090
15393162793438
5497558147920
9895604652910
5497558143358
15393162791304
16492674423473
10995116278488
1505
8796093027046
7696581405129
2199023257437
13194139535631
7696581397991
9895604654276
5497558146411
3298534893261
5497558149212
5497558140889
3298534888086
10995116285100
13194139540862
1099511637907
14293651163506
13194139536153
17592186052340
8796093030412
16492674425660
16492674426831
17592186054979
14293651171780
