Person:Long
1099511636106
6575
1099511635184
1099511634221
8254
2199023262600
7987
2199023262346
3298534893677
3298534892049
2199023260033
5095
3298534886851
3298534893265
3298534883914
4398046518750
2199023261681
5497558142310
4398046517294
5497558142739
1099511632122
3298534893556
4398046515659
5497558141315
1099511635038
5497558146252
5497558146736
4398046516367
8718
3598
7696581398571
7696581402059
9569
4398046521603
3298534893313
1630
1099511631481
4398046514842
7696581402883
1099511638481
8796093024460
8796093028067
946
8059
3582
6597069773813
1099511633802
7696581405016
9902
5910
2199023262652
6597069775954
7696581395527
1099511632875
4398046514198
1099511637392
1099511629061
1099511629081
5546
1099511637304
2199023266532
2557
1099511630234
4398046515716
1099511632679
1099511636149
1099511632345
8797
1099511635790
1099511632381
1099511635685
8796093027528
4144
4398046521357
1099511636233
5497558139241
5497558145421
2199023264953
7696581402429
2199023260099
4398046518932
10248
2708
10738
773
1099511631608
9841
1099511632450
1099511633525
1099511637376
2199023261170
8796093025678
1099511628660
9586
9895604656975
1099511629067
4398046511366
4398046520200
1099511632098
