1:Long
240518367789
240518367697
240518367702
274878106353
274878106086
274878106094
223338692330
274878300123
257698430725
240518561557
257698430743
240518562328
257698430785
257698430786
257698430789
257698431896
257698430800
257698432168
206158824709
223338692467
240518563154
171799705545
171799705552
171799705468
171799705643
171799705644
240519182395
171799705681
171799705482
240519182440
240519182443
240519182221
223339663291
223339663141
223339663140
223339663207
223339663133
223339663168
223339616017
223339615922
223339615793
188979876957
240519484429
85900600018
85900599533
85900599994
85900599532
85900599977
85900599529
85900599934
85900599916
85900599522
85900599884
188979814941
188979814925
188979814913
171799945429
51540861121
68720730405
68720730304
68720730303
85900599558
188979796683
223339536614
223339535013
51540844186
223339535985
51540843120
171799927967
51540843096
85900581428
223339535136
274879139616
85900578433
171799923588
171799924127
171799924125
171799924122
274879139217
85900578154
85900577646
85900578068
103080447099
103080447095
120260315982
51540839467
206159661890
171799901332
188979770029
171799901291
223339508778
154620031623
137440139047
137440139029
257699223166
188979746324
206159615389
206159615254
240519353105
171799876368
