1:Long
257698038286
257698038287
154618823184
154618823185
154618823186
154618823187
154618823188
154618823189
154618823190
154618823191
154618823192
154618823193
154618823194
154618823195
154618823196
154618823197
154618823198
154618823199
154618823200
154618823201
154618823202
257698038307
257698038308
257698038309
257698038310
257698038311
257698038312
257698038313
274877907498
274877907499
274877907500
274877907501
274877907502
274877907503
274877907504
154618823217
154618823218
154618823219
154618823220
154618823221
154618823222
154618823223
154618823224
154618823225
154618823226
154618823227
154618823228
154618823229
154618823230
154618823231
120259084864
120259084865
120259084866
120259084867
120259084868
120259084869
120259084870
120259084871
120259084872
120259084873
120259084874
120259084875
120259084876
120259084877
51539608142
51539608143
51539608144
51539608145
51539608146
51539608147
51539608148
51539608149
85899346518
85899346519
85899346520
85899346521
85899346522
85899346523
85899346524
85899346525
85899346526
85899346527
85899346528
85899346529
103079215714
103079215715
34359738980
34359738981
34359738982
34359738983
34359738984
34359738985
34359738986
34359738987
34359738988
34359738989
34359738990
34359738991
34359738992
34359738993
