1:Long
240518367791
240518367852
240518367912
274878106357
274878106434
274878106521
223338692509
274878300125
257698431161
240518562138
257698431346
257698431348
240518562331
257698431794
257698431800
257698431841
257698431898
257698431956
257698432172
206158824710
223338693959
240518563155
171799705546
171799705552
171799705556
171799705557
171799705645
171799705653
240519182396
171799705683
171799705700
240519182441
240519182444
240519182459
223338692454
257698430821
188978561369
188978561368
188978561367
188978561366
188978561365
188978561364
188978561363
188978561362
188978561361
188978561360
188978561359
188978561358
188978561357
188978561356
188978561355
120259084618
120259084617
120259084616
120259084615
120259084614
120259084613
120259084612
223338299715
223338299714
223338299713
223338299712
223338299711
223338299710
206158430525
206158430524
206158430523
206158430522
206158430521
206158430520
206158430519
206158430518
206158430517
206158430516
206158430515
206158430514
137438953777
137438953776
137438953775
34359738670
34359738669
85899346220
85899346219
85899346218
85899346217
85899346216
85899346215
17179869478
17179869477
17179869476
17179869475
17179869474
17179869473
17179869472
17179869471
17179869470
17179869469
17179869468
17179869467
17179869466
