1:Long
188978561355
188978561356
188978561357
188978561358
188978561359
188978561360
188978561361
188978561362
188978561363
188978561364
188978561365
188978561366
188978561367
188978561368
188978561369
120259084612
120259084613
120259084614
120259084615
120259084616
120259084617
120259084618
223338299710
223338299711
223338299712
223338299713
223338299714
223338299715
206158430514
206158430515
206158430516
206158430517
206158430518
206158430519
206158430520
206158430521
206158430522
206158430523
206158430524
206158430525
137438953775
137438953776
137438953777
34359738669
34359738670
85899346215
85899346216
85899346217
85899346218
85899346219
85899346220
17179869461
17179869462
17179869463
17179869464
17179869465
17179869466
17179869467
17179869468
17179869469
17179869470
17179869471
17179869472
17179869473
17179869474
17179869475
17179869476
17179869477
17179869478
154618822919
154618822920
154618822921
154618822922
154618822923
154618822924
154618822925
154618822926
154618822927
154618822928
154618822929
154618822930
154618822931
154618822932
206158430466
206158430467
206158430468
206158430469
206158430470
120259084537
120259084538
120259084539
120259084540
120259084541
120259084542
120259084543
120259084544
120259084545
85899346150
85899346151
85899346152
