1:Long
1099511631248
1099511633728
2199023255620
2199023257391
2199023263615
3298534883887
3298534890727
4398046512675
4398046512914
4398046515047
4398046516121
4398046519431
5497558145520
5497558149348
6597069770098
6597069770791
7696581400519
7696581402556
8796093025316
8796093026238
8796093029706
9895604657550
9895604658766
10995116280376
10995116283330
10995116286368
12094627910115
13194139537580
13194139542694
14293651166065
15393162792381
15393162797936
16492674418172
353
4283
5203
9586
1099511634737
1099511636021
1099511637593
2199023255823
2199023264437
2199023266043
3298534885225
3298534889716
4398046516278
4398046519946
4398046520681
5497558140562
6597069770640
7696581396435
7696581403187
8796093028267
8796093031225
9895604656432
9895604656467
10995116279650
10995116286553
12094627906556
13194139535254
13194139538509
13194139539914
14293651162759
15393162788937
15393162791567
15393162793065
16492674420352
16492674420744
16492674421661
16492674422908
864
1099511630738
1099511636230
1099511636549
1099511637405
1099511637441
1099511637604
2199023258704
2199023262449
2199023262860
3298534888475
3298534890719
3298534892253
3298534893941
4398046511319
4398046515549
4398046517065
4398046518232
4398046521267
5497558146349
5497558148315
6597069766778
6597069769358
6597069774079
7696581398184
7696581399625
7696581402059
7696581402698
8796093022256
8796093027481
