1:Long
13194139534576
1099511634152
15393162797517
4398046517791
14293651167758
7696581395897
4398046515080
16492674423426
7696581398747
10995116283868
3298534885676
12094627911779
4398046514011
13194139536297
1099511628660
9895604650680
2199023258406
5497558140278
13194139539362
2621
1099511631040
12094627908967
14293651168003
7696581397235
4571
12094627912227
6597069771739
12094627916292
9895604655981
8796093025538
8796093022540
13194139538141
8796093028388
10995116282668
14293651164468
6597069775569
9895604652027
7696581396779
6597069766880
9895604658068
8796093026375
13194139540728
15393162793057
13194139543934
13194139537379
6597069775371
13194139538374
14293651165769
6597069771210
9895604660882
1099511635800
12094627906140
1725
15393162792761
16492674426583
16492674417401
15393162793201
12094627909378
5497558149532
13194139538248
15393162799668
14293651168755
5497558142892
16492674420298
2199023261124
7696581396643
7696581404077
14293651171298
12094627914284
9242
10995116282640
7696581404803
7696581403756
12094627913479
10995116278101
7696581395793
15393162798733
10995116286403
7696581394599
4398046521357
2199023264953
1099511628594
3298534884723
7696581396016
6597069776409
2199023266019
3298534889259
13194139543720
10995116282046
16492674421661
7696581405287
4398046511578
14293651171305
3298534891431
16492674421950
4398046518080
9895604651450
13194139534864
8796093024513
4398046515183
