1:Long
7431
9895604650957
4398046515549
4398046521149
13194139533596
6597069768019
7696581405016
3313
4398046518232
6597069776731
5497558145754
7696581404450
1099511628470
6597069768603
1099511631248
6597069766887
4871
4398046512132
8796093032043
3298534885381
7696581400756
9895604653912
9516
9895604660263
9895604652570
13194139542368
3298534889698
6597069769350
6597069776214
15393162789103
15393162791528
7696581403414
14293651171554
1099511633418
6597069771766
8796093032202
9895604656292
12094627915418
1288
13194139535744
12094627906878
3298534883887
4063
7229
3298534886190
1099511631741
2199023262600
2199023263615
2199023261576
2199023259373
1099511633728
10575
2199023261074
2199023264437
1099511631667
8254
2199023260033
4398046515476
1099511631608
2199023258760
3298534888104
3298534890467
1099511635800
5497558141841
3298534885868
2199023257391
3298534892556
2199023260420
4398046520890
4398046512675
3298534890727
5497558147153
5497558143387
5497558145520
5497558143806
4398046519431
4398046520681
7696581401513
7696581398933
7696581399953
6597069776951
7696581397638
7696581400882
3298534887442
13194139543999
12094627907801
9895604654643
9895604651547
6597069774793
12094627913084
12094627912251
7696581400827
7696581397036
13194139535261
13194139537284
9895604651808
9895604658839
8796093031772
6597069771567
10995116285748
